((("feature" .
   [1 0 0 0 0 0 0])
  ("jump" .
   [1 0 0 0])
  ("step" .
   [3 0 0 0])
  ("dfs" .
   [1 0 0])
  ("dep" .
   [12 0 0])
  ("tot" .
   [9 0 0])
  ("maintain" .
   [1 0 0 0 0 0 0 0])
  ("father" .
   [5 0 0 1 0 1])
  ("vectorizer" .
   [0 0 2 0 0 0 0 0 0 0])
  ("seg_dir" .
   [1 0 0 0 0 0 0])
  ("basicConfig" .
   [0 0 0 1 0 0 0 0 0 0 0])
  ("main" .
   [1 0 0 0])
  ("WikiCorpus" .
   [0 0 0 1 0 0 0 0 0 0])
  ("corpora" .
   [0 0 0 1 0 0 0])
  ("gensim" .
   [1 0 0 0 0 0])
  ("logging" .
   [0 0 0 2 0 0 0])
  ("coding" .
   [1 0 0 0 0 0])
  ("tolil" .
   [2 0 0 0 0])
  ("oldr" .
   [1 0 0 0])
  ("lil_m" .
   [1 0 0 2 0])
  ("array" .
   [0 0 1 1 0])
  ("numpy" .
   [2 0 0 0 0])
  ("data" .
   [1 0 0 0])
  ("rows" .
   [1 0 0 0])
  ("features" .
   [0 0 1 0 0 0 0 0])
  ("significant_features" .
   [0 0 0 1 0 0 0 0 0 0 0 0 0 0 0 0 0 0 0 0])
  ("cur" .
   [5 0 0])
  ("oldc" .
   [2 0 0 0])
  ("dtype" .
   [0 0 1 0 0])
  ("ori_m" .
   [2 0 0 1 0])
  ("scipy" .
   [0 0 0 1 0])
  ("lil_matrix" .
   [0 0 0 0 0 0 0 0 1 0])
  ("rlim" .
   [1 0 0 0])
  ("llim" .
   [1 0 0 0])
  ("pos" .
   [2 0 0])
  ("top" .
   [4 0 0])
  ("stk" .
   [7 1 0])
  ("_sum" .
   [1 0 0 0])
  ("sum" .
   [1 0 0])
  ("_pre" .
   [1 0 0 0])
  ("pre" .
   [1 0 0])
  ("_out" .
   [1 0 0 0])
  ("out" .
   [2 0 0])
  ("_in" .
   [1 0 0])
  ("ll" .
   [1 0])
  ("stpwrdlst" .
   [0 0 0 2 0 0 0 0 0])
  ("stop_words" .
   [0 0 0 1 0 1 0 0 0 0])
  ("simpletypesp" .
   [0 0 2 0 0 0 0 0 0 0 0 0])
  ("len_neg" .
   [2 0 0 0 0 0 0])
  ("sumneg" .
   [1 0 0 0 2 0])
  ("sumpos" .
   [2 0 0 0 1 0])
  ("content" .
   [3 0 0 0 1 0 0])
  ("stdin" .
   [1 0 0 0 0])
  ("num2string" .
   [1 0 0 0 0 0 0 0 0 0])
  ("tag" .
   [3 0 0])
  ("getlen" .
   [1 0 0 0 0 0])
  ("len_pos" .
   [3 0 0 0 1 1 0])
  ("char2string" .
   [1 0 0 0 0 0 0 0 0 0 0])
  ("num" .
   [2 0 0])
  ("string" .
   [9 0 0 1 0 0])
  ("seg_path" .
   [1 0 0 0 0 0 0 0])
  ("fullname" .
   [0 0 0 0 1 0 0 0])
  ("listdir" .
   [1 0 0 0 0 0 0])
  ("file_list" .
   [3 0 0 0 0 0 0 0 0])
  ("corpus_path" .
   [0 0 0 3 0 0 0 0 0 0 0])
  ("file_path" .
   [1 0 0 0 0 0 0 0 0])
  ("mydir" .
   [1 0 0 0 0])
  ("penalty" .
   [0 0 0 3 0 0 0])
  ("cho" .
   [2 0 0])
  ("print" .
   [0 0 0 1 0])
  ("jieba" .
   [1 0 0 0 0])
  ("format_str" .
   [1 0 0 0 0 0 0 1 0 0])
  ("is_chinese" .
   [0 0 0 0 0 1 0 0 0 0])
  ("uchar" .
   [2 0 0 0 0])
  ("json_row" .
   [3 0 0 0 0 0 0 0])
  ("json_rownum" .
   [3 0 2 0 0 0 2 1 1 1 0])
  ("linenum" .
   [0 0 0 0 0 2 0])
  ("line" .
   [1 0 0 1])
  ("json_text" .
   [1 0 0 0 0 0 0 1 0])
  ("text" .
   [6 0 0 0])
  ("load" .
   [2 0 0 0])
  ("pop" .
   [1 0 0])
  ("i" .
   [1])
  ("empty" .
   [1 0 0 0 0])
  ("team" .
   [5 0 0 0])
  ("queue" .
   [1 0 0 0 0])
  ("work3" .
   [1 0 0 0 0])
  ("work2" .
   [1 0 0 0 0])
  ("mod" .
   [3 0 0])
  ("per" .
   [8 0 0])
  ("random_shuffle" .
   [0 0 0 0 1 0 0 0 0 0 0 0 0 0])
  ("signal" .
   [2 0 0 1 1 0])
  ("arr" .
   [8 0 0])
  ("work1" .
   [2 0 0 0 0])
  ("getans" .
   [1 0 0 0 0 0])
  ("end" .
   [4 0 0])
  ("it2" .
   [3 0 0])
  ("else" .
   [1 0 1 0])
  ("it1" .
   [4 0 0])
  ("lower_bound" .
   [1 0 0 0 0 2 0 0 0 0 0])
  ("insert" .
   [2 0 0 0 0 0])
  ("erase" .
   [1 0 0 0 0])
  ("it" .
   [6 0])
  ("include" .
   [0 0 0 2 0 0 0])
  ("_b" .
   [3 0])
  ("_a" .
   [5 0])
  ("key" .
   [10 0 1])
  ("ready" .
   [1 0 0 0 0])
  ("puts" .
   [1 0 0 0])
  ("col" .
   [45 0 1])
  ("cerr" .
   [9 0 0 0])
  ("endl" .
   [9 0 0 0])
  ("id" .
   [1 0])
  ("INF" .
   [1 0 0])
  ("min" .
   [5 0 0])
  ("pair" .
   [1 0 0 0])
  ("maxn" .
   [14 0 0 0])
  ("Node" .
   [27 0 0 0])
  ("stallreq_for_reg2" .
   [0 0 0 0 0 0 0 0 1 0 0 0 0 0 0 0 0])
  ("stallreq_for_reg1" .
   [0 0 0 0 0 0 0 0 1 0 0 0 0 0 0 0 0])
  ("id_reg2" .
   [1 0 0 0 0 0 0])
  ("id_reg1" .
   [0 0 0 0 2 0 0])
  ("$display" .
   [0 0 0 0 1 0 0 0])
  ("`EXE_ADD_OP" .
   [1 0 0 0 0 0 0 0 0 0 0])
  ("id_aluop" .
   [0 0 0 0 0 0 1 0])
  ("reg_addr_o" .
   [1 0 0 0 0 0 0 0 0 0])
  ("reg_read_o" .
   [1 0 0 0 0 0 0 0 0 0])
  ("ex_wreg_i" .
   [1 0 0 0 0 0 0 0 0])
  ("ex_aluop" .
   [0 0 0 0 0 0 1 0])
  ("b1100" .
   [1 0 0 0 0])
  ("b0011" .
   [1 0 0 0 0])
  ("b1000" .
   [1 0 0 0 0])
  ("b0100" .
   [1 0 0 0 0])
  ("b0010" .
   [1 0 0 0 0])
  ("b0001" .
   [1 0 0 0 0])
  ("b00" .
   [3 0 0])
  ("b01" .
   [3 0 0])
  ("b10" .
   [4 0 0])
  ("b11" .
   [2 0 0])
  ("data_mem3" .
   [4 0 0 0 0 0 0 0 0])
  ("data_mem2" .
   [4 0 0 0 0 0 0 0 0])
  ("data_mem1" .
   [4 0 0 0 0 0 0 0 0])
  ("data_mem0" .
   [4 0 0 0 0 0 0 0 0])
  ("branch_target_address_i" .
   [0 0 0 0 0 0 0 0 0 1 0 0 0 0 0 0 0 0 0 0 0 0 0])
  ("`EXE_OR_OP" .
   [0 0 0 0 0 1 0 0 0 0])
  ("imm" .
   [1 0 0])
  ("mem_we" .
   [1 0 0 0 0 0])
  ("`EXE_SW_OP" .
   [0 0 0 0 0 0 0 0 1 0])
  ("`EXE_SH_OP" .
   [1 0 0 0 0 0 0 0 0 0])
  ("`EXE_SB_OP" .
   [0 0 0 0 0 0 0 0 1 0])
  ("`EXE_LHU_OP" .
   [0 0 0 0 0 0 0 0 1 0 0])
  ("`EXE_LBU_OP" .
   [0 0 0 0 0 0 0 0 1 0 0])
  ("`EXE_LW_OP" .
   [1 0 0 0 0 0 0 0 0 0])
  ("`EXE_LH_OP" .
   [1 0 0 0 0 0 0 0 0 0])
  ("`EXE_LB_OP" .
   [0 0 0 0 0 0 0 1 0 0])
  ("mem_ce_o" .
   [1 0 0 0 0 0 1 0])
  ("mem_data_o" .
   [1 0 0 0 0 0 0 0 0 0])
  ("mem_sel_o" .
   [1 0 0 0 0 0 0 0 0])
  ("`WriteDisable" .
   [0 0 1 0 0 0 1 0 0 0 0 0 0])
  ("`ZeroWord" .
   [0 0 0 2 0 0 0 0 0])
  ("mem_addr_o" .
   [2 0 0 0 0 0 0 1 0 0])
  ("mem_addr_i" .
   [1 0 0 0 0 0 0 2 0 0])
  ("output" .
   [0 0 0 2 2 0])
  ("reg2_i_mux" .
   [0 0 0 0 0 0 0 1 0 0])
  ("`RegBus" .
   [0 0 0 2 2 0 0])
  ("input" .
   [0 0 0 1 0])
  ("aluop_i" .
   [0 0 0 0 2 0 0])
  ("`AluOpBus" .
   [0 0 0 0 1 0 0 0 0])
  ("b101" .
   [1 0 0 0])
  ("begin" .
   [0 0 2 1 0])
  ("b100" .
   [1 0 0 0])
  ("b010" .
   [1 0 0 0])
  ("b001" .
   [1 0 0 0])
  ("b000" .
   [2 0 0 0])
  ("default" .
   [0 0 0 1 3 0 0])
  ("inst_i" .
   [4 0 0 3 13 1])
  ("ex" .
   [1 0])
  ("reg1_i" .
   [0 0 0 0 1 0])
  ("b0" .
   [2 0])
  ("pc_i" .
   [1 0 0 0])
  ("h0" .
   [2 0])
  ("data_ram" .
   [0 0 0 0 0 1 0 0])
  ("data_ram0" .
   [1 0 0 0 0 0 0 0 0])
  ("clk" .
   [2 0 0])
  ("ram_we_o" .
   [0 0 0 1 0 0 0 0])
  ("ex_inst" .
   [1 0 0 0 0 0 0])
  ("ex_inst_i" .
   [1 0 0 0 0 0 0 0 0])
  ("reg2_i" .
   [0 0 0 0 0 1])
  ("b0000011" .
   [1 0 0 0 0 0 0 0])
  ("candy" .
   [0 0 0 0 5])
  ("read" .
   [1 0 0 0])
  ("ans" .
   [4 0 0])
  ("scanf" .
   [1 0 0 0 0])
  ("printf" .
   [10 1 0 0 0 0])
  ("rand" .
   [12 0 0 0])
  ("nxt" .
   [7 0 0])
  ("side" .
   [10 0 0 0])
  ("toit" .
   [16 0 0 0])
  ("cnt" .
   [10 0 0])
  ("add" .
   [2 0 0])
  ("maxk" .
   [6 0 0 0])
  ("ins" .
   [3 0 0])
  ("dis" .
   [15 0 0])
  ("dij" .
   [1 0 0])
  ("vis" .
   [6 0 0])
  ("inf" .
   [6 0 0])
  ("source" .
   [2 0 0 1 0 0])
  ("heap" .
   [12 0 1 0])
  ("now" .
   [22 0 0])
  ("second" .
   [1 0 0 0 0 0])
  ("push" .
   [7 0 0 0])
  ("make_pair" .
   [0 0 0 0 0 0 1 0 0])
  ("di" .
   [1 0])
  ("work" .
   [4 0 0 0])
  ("mask" .
   [10 0 0 0])
  ("vector" .
   [2 0 1 0 0 0])
  ("in" .
   [31 0])
  ("nin" .
   [5 0 0])
  ("push_back" .
   [1 0 0 0 0 0 0 0 0])
  ("ret" .
   [25 0 0])
  ("find" .
   [6 0 0 0])
  ("continue" .
   [0 0 0 0 0 1 0 0])
  ("abs" .
   [2 0 0])
  ("len" .
   [12 0 0])
  ("strlen" .
   [1 0 0 0 0 0])
  ("str" .
   [10 0 0])
  ("c" .
   [1])
  ("s" .
   [1])
  ("addr" .
   [2 0 0 0])
  ("naddr" .
   [1 0 0 0 0])
  ("memcpy" .
   [1 0 0 0 0 0])
  ("PTRACE_PEEKDATA" .
   [0 0 0 0 0 0 0 0 0 0 0 1 0 0 0])
  ("fantasy" .
   [1 0 0 0 0 0 0])
  ("argv" .
   [1 0 1 0])
  ("ptrace" .
   [0 0 0 3 0 0])
  ("PTRACE_GETREGS" .
   [0 0 1 0 0 0 0 0 0 0 0 0 0 0])
  ("child_pid" .
   [0 0 0 3 0 0 0 0 0])
  ("regs" .
   [2 0 0 0])
  ("PTRACE_PEEKTEXT" .
   [0 0 0 0 0 0 0 0 0 0 1 0 0 0 0])
  ("NULL" .
   [1 0 0 0])
  ("instr" .
   [1 0 0 0 0])
  ("rip" .
   [1 0 0])
  ("PTRACE_SINGLESTEP" .
   [0 0 1 0 0 0 0 0 0 0 0 0 0 0 0 0 0])
  ("update" .
   [3 0 0 0 0 0])
  ("json_path" .
   [2 0 0 0 0 2 0 2 0])
  ("json_file" .
   [4 0 0 0 0 0 0 0 0])
  ("load_json" .
   [2 0 0 0 0 0 2 1 1])
  ("csv_path" .
   [3 0 0 0 1 1 0 0])
  ("encoding" .
   [0 0 0 0 1 0 0 0])
  ("load_csv" .
   [1 0 0 0 0 0 0 0])
  ("csv_text" .
   [1 0 0 0 0 0 0 0])
  ("csvfile" .
   [1 0 1 0 0 0 0])
  ("reader" .
   [3 0 0 0 0 0])
  ("csv_reader" .
   [2 0 0 0 0 0 0 0 2 0])
  ("neg_path" .
   [0 0 0 1 2 0 0 0])
  ("pos_path" .
   [0 0 0 1 1 1 0 0])
  ("json" .
   [0 0 2 0])
  ("savefile" .
   [1 0 0 0 1 0 0 0])
  ("npos" .
   [7 0 1 0])
  ("nneg" .
   [6 0 1 2])
  ("write" .
   [0 0 1 1 0])
  ("csv_data" .
   [0 0 0 0 0 1 0 0])
  ("csv_sampe_path" .
   [0 0 0 0 0 0 1 0 1 0 0 0 0 0])
  ("csv_write_data" .
   [0 0 0 0 0 2 1 1 0 0 0 0 0 0])
  ("append" .
   [5 0 0 1 1 0])
  ("csv_read_data" .
   [1 0 0 0 0 0 0 0 0 1 0 1 0])
  ("csv_file" .
   [1 0 0 0 0 0 0 0])
  ("csv_res_file" .
   [1 0 0 0 0 0 0 1 0 0 0 0])
  ("row" .
   [3 0 0])
  ("csv_writer" .
   [1 0 0 0 0 0 0 0 0 0])
  ("csv_res_path" .
   [1 0 0 0 0 0 0 0 0 0 0 0])
  ("min_df" .
   [1 0 0 0 0 0])
  ("train_set" .
   [4 0 0 0 0 0 0 0 0])
  ("train_test_split" .
   [0 0 0 0 0 0 0 0 0 0 0 1 0 0 0 0])
  ("train" .
   [1 0 0 1 0])
  ("train_y" .
   [1 0 0 0 0 0 0])
  ("train_xy" .
   [1 0 0 0 0 0 0 0])
  ("tdm" .
   [2 0 0])
  ("label" .
   [3 0 0 1 0])
  ("label_tmp" .
   [2 0 0 0 0 0 0 0 0])
  ("xgb" .
   [1 0 0])
  ("DMatrix" .
   [0 0 1 0 0 0 0])
  ("train_x" .
   [1 0 0 0 0 0 0])
  ("val_x" .
   [1 0 0 0 0])
  ("val_y" .
   [1 0 0 0 0])
  ("xgb_val" .
   [1 0 0 0 0 0 0])
  ("variable" .
   [0 0 2 1 2 1 0 0])
  ("Integerliteral" .
   [0 0 0 0 0 0 0 1 0 0 0 0 0 0])
  ("If" .
   [1 0])
  ("block" .
   [2 0 0 0 0])
  ("Else" .
   [1 0 0 0])
  ("stmp" .
   [1 0 0 0])
  ("stmt" .
   [2 0 0 0])
  ("callfun" .
   [1 0 0 0 0 0 0])
  ("expression" .
   [6 0 2 4 1 3 0 1 0 0])
  ("arithmeticoperator" .
   [0 0 0 0 1 1 0 0 0 0 0 0 0 0 0 0 0 0])
  ("expreesion" .
   [3 0 0 0 0 0 0 0 0 0])
  ("relationaloperator" .
   [0 0 0 0 1 0 0 0 0 0 0 0 0 0 0 0 0 0])
  ("logicaloperator" .
   [0 0 0 0 0 1 0 0 0 0 0 0 0 0 0])
  ("bitwiseoperator" .
   [0 0 0 0 1 0 0 0 0 0 0 0 0 0 0])
  ("e" .
   [1])
  ("Identifier" .
   [0 0 0 0 0 1 0 0 0 0])
  ("New" .
   [1 0 0])
  ("vartype" .
   [0 0 0 1 0 0 0])
  ("basetype" .
   [0 0 0 0 2 0 0 0])
  ("selfoperation" .
   [0 0 0 1 0 0 0 0 0 0 0 0 0])
  ("Decimalliteral" .
   [0 0 1 0 0 0 0 0 0 0 0 0 0 0])
  ("vartype_plus" .
   [1 0 0 0 0 0 0 0 0 1 0 0])
  ("NONDIGIT" .
   [0 0 1 0 0 0 0 0])
  ("defclass" .
   [0 0 0 1 0 0 0 0])
  ("defvar" .
   [1 0 0 0 0 0])
  ("defun" .
   [1 0 0 0 0])
  ("length" .
   [1 0 0 0 1 0])
  ("const" .
   [0 0 0 1 0])))
